function[s] = daylength
%% Returns mean possible monthly duration of sunlight at different latitudes
% from Thornthwaite and Mather, Tables 6 and 7, Pg. 228-229.
%
% s = daylength
%
% ----- Outputs -----
%
% s: A structure with the following fields
%   dayz: Mean monthly duration of sunlight. Rows are latitudes from 50S to
%         50N. Columns are months from January to Decemeber.
%
%   lats: The latitudes of the rows of dayz.
%
%   months: The months of the columns of dayz.

lats = (-50:50)';
month = 1:12;

dayz = [...
   41.1000   33.6000   32.4000   26.7000   23.1000   20.1000   22.2000   26.4000   29.7000   35.7000   38.7000   42.3000
   40.5000   33.3000   32.4000   27.0000   23.7000   20.7000   22.5000   26.7000   29.7000   35.4000   38.4000   41.7000
   40.2000   33.0000   32.4000   27.0000   24.0000   21.0000   22.8000   26.7000   29.7000   35.4000   38.1000   41.1000
   39.9000   33.0000   32.1000   27.3000   24.3000   21.3000   23.4000   27.0000   29.7000   35.1000   37.8000   40.8000
   39.6000   32.7000   32.1000   27.3000   24.6000   21.6000   23.7000   27.0000   29.7000   35.1000   37.5000   40.5000
   39.3000   32.7000   32.1000   27.6000   24.9000   21.9000   24.0000   27.3000   29.7000   35.1000   37.2000   40.2000
   39.0000   32.4000   32.1000   27.6000   24.9000   22.2000   24.3000   27.3000   29.7000   34.8000   36.9000   39.9000
   38.7000   32.4000   32.1000   27.6000   25.2000   22.5000   24.6000   27.3000   30.0000   34.8000   36.6000   39.6000
   38.4000   32.1000   32.1000   27.6000   25.5000   22.8000   24.6000   27.6000   30.0000   34.8000   36.6000   39.3000
   38.1000   32.1000   32.1000   27.9000   25.8000   23.1000   24.9000   27.6000   30.0000   34.5000   36.3000   39.0000
   38.1000   31.8000   32.1000   27.9000   25.8000   23.4000   25.2000   27.6000   30.0000   34.5000   36.0000   38.7000
   37.8000   31.8000   32.1000   27.9000   26.1000   23.7000   25.2000   27.9000   30.0000   34.5000   36.0000   38.4000
   37.5000   31.5000   32.1000   27.9000   26.1000   24.0000   25.5000   27.9000   30.0000   34.2000   35.7000   38.1000
   37.5000   31.5000   31.8000   28.2000   26.4000   24.0000   25.5000   27.9000   30.0000   34.2000   35.7000   38.1000
   37.2000   31.5000   31.8000   28.2000   26.7000   24.3000   25.8000   28.2000   30.0000   34.2000   35.4000   37.8000
   36.9000   31.2000   31.8000   28.2000   26.7000   24.6000   26.1000   28.2000   30.0000   33.9000   35.1000   37.5000
   36.6000   31.2000   31.8000   28.2000   27.0000   24.9000   26.4000   28.5000   30.0000   33.9000   34.8000   37.2000
   36.6000   31.2000   31.8000   28.2000   27.0000   24.9000   26.4000   28.5000   30.0000   33.9000   34.8000   36.9000
   36.3000   30.9000   31.8000   28.5000   27.3000   25.2000   26.7000   28.5000   30.0000   33.6000   34.5000   36.9000
   36.3000   30.9000   31.8000   28.5000   27.3000   25.2000   27.0000   28.8000   30.0000   33.6000   34.5000   36.6000
   36.0000   30.9000   31.8000   28.5000   27.6000   25.5000   27.0000   28.8000   30.0000   33.6000   34.2000   36.3000
   35.7000   30.9000   31.8000   28.5000   27.6000   25.8000   27.3000   28.8000   30.0000   33.3000   33.9000   36.0000
   35.7000   30.6000   31.8000   28.5000   27.9000   25.8000   27.3000   29.1000   30.0000   33.3000   33.9000   36.0000
   35.4000   30.6000   31.5000   28.8000   27.9000   26.1000   27.6000   29.1000   30.0000   33.3000   33.6000   35.7000
   35.4000   30.6000   31.5000   28.8000   28.2000   26.4000   27.6000   29.1000   30.0000   33.0000   33.6000   35.4000
   35.1000   30.3000   31.5000   28.8000   28.2000   26.4000   27.9000   29.4000   30.0000   33.0000   33.3000   35.4000
   35.1000   30.3000   31.5000   28.8000   28.2000   26.7000   27.9000   29.4000   30.0000   32.7000   33.3000   35.1000
   34.8000   30.3000   31.5000   28.8000   28.5000   26.7000   27.9000   29.4000   30.0000   32.7000   33.0000   35.1000
   34.5000   30.0000   31.5000   29.1000   28.5000   27.0000   28.2000   29.4000   30.0000   32.7000   33.0000   34.8000
   34.5000   30.0000   31.5000   29.1000   28.8000   27.3000   28.2000   29.7000   30.0000   32.4000   32.7000   34.5000
   34.2000   30.0000   31.5000   29.1000   28.8000   27.3000   28.5000   29.7000   30.0000   32.4000   32.7000   34.5000
   34.2000   30.0000   31.5000   29.1000   28.8000   27.6000   28.5000   29.7000   30.0000   32.4000   32.7000   34.2000
   33.9000   29.7000   31.5000   29.1000   29.1000   27.6000   28.8000   29.7000   30.0000   32.4000   32.4000   34.2000
   33.9000   29.7000   31.5000   29.4000   29.1000   27.9000   28.8000   29.7000   30.0000   32.1000   32.4000   33.9000
   33.6000   29.7000   31.5000   29.4000   29.4000   27.9000   29.1000   30.0000   30.0000   32.1000   32.1000   33.9000
   33.6000   29.4000   31.5000   29.4000   29.4000   28.2000   29.1000   30.0000   30.0000   32.1000   32.1000   33.6000
   33.3000   29.4000   31.5000   29.4000   29.7000   28.2000   29.4000   30.0000   30.0000   32.1000   32.1000   33.6000
   33.0000   29.4000   31.5000   29.4000   29.7000   28.5000   29.4000   30.0000   30.0000   32.1000   31.8000   33.3000
   32.7000   29.1000   31.5000   29.7000   30.0000   28.5000   29.7000   30.3000   30.0000   31.8000   31.8000   33.3000
   32.7000   29.1000   31.5000   29.7000   30.0000   28.8000   29.7000   30.3000   30.0000   31.8000   31.5000   33.0000
   32.4000   29.1000   31.5000   29.7000   30.3000   28.8000   30.0000   30.3000   30.0000   31.8000   31.5000   33.0000
   32.4000   29.1000   31.5000   29.7000   30.3000   29.1000   30.0000   30.6000   30.0000   31.8000   31.2000   32.7000
   32.1000   28.8000   31.5000   29.7000   30.3000   29.1000   30.3000   30.6000   30.0000   31.8000   31.2000   32.4000
   32.1000   28.8000   31.2000   30.0000   30.6000   29.4000   30.3000   30.6000   30.0000   31.5000   30.9000   32.4000
   31.8000   28.8000   31.2000   30.0000   30.6000   29.4000   30.6000   30.9000   30.0000   31.5000   30.9000   32.1000
   31.8000   28.5000   31.2000   30.0000   30.6000   29.7000   30.6000   30.9000   30.0000   31.5000   30.9000   31.8000
   31.8000   28.5000   31.2000   30.0000   30.9000   29.7000   30.9000   30.9000   30.0000   31.5000   30.6000   31.8000
   31.5000   28.5000   31.2000   30.0000   30.9000   30.0000   30.9000   31.2000   30.0000   31.2000   30.6000   31.5000
   31.5000   28.2000   31.2000   30.3000   30.9000   30.0000   31.2000   31.2000   30.3000   31.2000   30.6000   31.5000
   31.2000   28.2000   31.2000   30.3000   31.2000   30.3000   31.2000   31.2000   30.3000   31.2000   30.3000   31.2000
   31.2000   28.2000   31.2000   30.3000   31.2000   30.3000   31.2000   31.2000   30.3000   31.2000   30.3000   31.2000
   31.2000   28.2000   31.2000   30.3000   31.2000   30.3000   31.2000   31.2000   30.3000   31.2000   30.3000   31.2000
   31.2000   28.2000   31.2000   30.3000   31.5000   30.6000   31.2000   31.2000   30.3000   31.2000   30.0000   30.9000
   30.9000   28.2000   30.9000   30.3000   31.5000   30.6000   31.5000   31.2000   30.3000   31.2000   30.0000   30.9000
   30.9000   27.9000   30.9000   30.6000   31.8000   30.9000   31.5000   31.5000   30.3000   30.9000   30.0000   30.6000
   30.6000   27.9000   30.9000   30.6000   31.8000   30.9000   31.8000   31.5000   30.3000   30.9000   29.7000   30.6000
   30.6000   27.9000   30.9000   30.6000   31.8000   31.2000   31.8000   31.5000   30.3000   30.9000   29.7000   30.3000
   30.3000   27.6000   30.9000   30.6000   32.1000   31.2000   32.1000   31.8000   30.3000   30.9000   29.7000   30.3000
   30.3000   27.6000   30.9000   30.9000   32.1000   31.5000   32.1000   31.8000   30.6000   30.6000   29.4000   30.0000
   30.0000   27.6000   30.9000   30.9000   32.4000   31.5000   32.4000   31.8000   30.6000   30.6000   29.4000   30.0000
   30.0000   27.3000   30.9000   30.9000   32.4000   31.8000   32.4000   32.1000   30.6000   30.6000   29.4000   29.7000
